-67.11633068601863 -62.97500739036727 -22.48571770851678
-25.77149991348155 -112.16873932517593 -113.35959277386868
-84.19667267076656 -70.62948554287058 -123.96707671525414
-70.66662634295687 -29.44884023488069 -111.76558776654745
-29.615560167947045 -90.12314068859358 -49.64258799001455
-86.72366848068339 -64.5217604886947 -93.02191071113494
-67.0624356702269 -80.68867557619622 -67.01594568401555
-53.81918012915905 -54.54452615761888 -21.534262104154635
-62.07769320736697 -66.97763851844257 -45.27879929769655
-65.17851675777705 -87.21018716004609 -85.52381791144975
-61.7829031206613 -61.39725287145563 -87.51490016359469
-63.17404284666935 -61.922136003978785 -98.80385617306405
-51.769904379133244 -52.034483367464496 -27.23296907487925
-51.682401356900165 -52.697212077596035 -109.32374210904443
-52.46000131661099 -52.30196731680992 -58.29735668399422
-50.78793920774305 -50.99570823517822 -48.10590989060345
-23.52853484641803 -48.686273915156576 -113.16702110058509
-48.80423822289264 -50.623371546796264 -74.29533686144724
-72.13839481203368 -51.6378843823704 -49.139447928160166
-43.66388796885892 -45.64465214864852 -24.248535815626326
-40.55801053733408 -42.11931007888226 -42.32305251595187
-42.24145029921481 -43.891127993390086 -46.30041416950934
-45.25083357968434 -41.84920799668052 -47.87390259550215
-40.71132236359669 -41.452709225989885 -28.05008546181938
-74.07701104886382 -66.20206923269754 -76.20785785581849
-41.420643824283836 -72.24553252556818 -62.41308546804878
-39.108152280774284 -39.04346206439401 -54.99493873835813
-40.15164551888721 -40.96519895064369 -39.848917791217694
-40.08625125605305 -34.37106958082053 -14.38838277389762
-34.03082509662939 -35.53761735419681 -38.14409625486577
-46.415340704043835 -34.34991650579799 -35.7655440889464
-34.60894764792581 -34.61839375207345 -32.787092155154454
-11.15571909762255 -38.00566041304161 -84.54885864677448
-44.85425457822022 -66.9577332006358 -100.72477436762006
-35.73581510393601 -30.16435199681455 -33.11528633729602
-30.680476871728473 -39.68461789190757 -10.235023242083333
-61.116761778614936 -32.13995095185839 -71.61704356107558
-33.88564974361277 -28.59447825384535 -30.08658912097674
-28.805393172824722 -28.529290567822027 -29.542095068382057
-31.26131308623464 -32.81958504774698 -16.27142512636744
-33.901831294622866 -52.70228498588256 -69.23237945234496
-29.933123915776342 -23.428616180252984 -51.53941454651073
-23.544384616459332 -41.53026977380909 -132.3348188542559
-34.65285362328707 -38.046512314812595 -17.686771247623014
-16.825016328615348 -13.535584924331474 -79.82024640494907
-6.954870245112699 -14.941273342356988 -20.46103536663796
-14.636586282180271 -4.505252790354521 11.84686440750026
-2.52061949047662 -29.031865104830864 -53.536346598039245
-15.747994484673061 -28.36349000242535 -13.43664106225093
-41.51498647617754 -1.198367158500206 -56.25769081607434
-7.861436634861755 7.43926124227286 18.81886570265747
-30.600725666498274 -55.13693100217456 -51.87804751800951
25.717054671440916 27.160673215396592 18.239115907707593
26.078593049632932 -10.907305732809714 67.6895952538081
-34.00273752847727 8.183037852310463 37.499128875314085
47.947763962689024 46.751218341619314 43.500804498693725
-46.942903055270214 -48.52543071009597 -44.08294691199722
-49.22850983182894 -49.27218851901323 -51.121934312325166
-48.643482586594025 -52.58056673769353 -74.46986842831105
-69.94971686913813 -44.314736151108114 -101.81300028048045
-42.28768141097128 -38.65844086515016 -16.657300420347994
-40.417604674205776 -39.45837673975022 -40.81078737335896
-39.40617172993029 -73.20306023693695 -43.78920215301948
-47.403452875641165 -28.021002928872136 -56.37380067627509
-32.74692082780365 -32.69969162932286 -36.77807329596708
-34.80704120374221 -35.707305992284894 -34.31077205916054
-35.67776963676679 -31.68548079582222 -139.10454324992324
-45.41634928031747 -32.09901703794677 -77.33761366527207
-69.78794467405619 -63.6277953339835 -112.82376500140705
-59.666289909328135 -59.666143343474644 -60.62969185924381
-64.90139309309563 -51.48034503077092 -81.68356430673163
-69.2107613970361 -69.48559106832943 -22.8644501469071
-70.84954758535378 -31.722171393082192 -59.21763419828235
-48.7949246484627 -55.951514392187136 -47.370628700351226
-51.04670020158321 -72.6150840140337 -130.1740795591174
-50.85757725454021 -51.26742108230693 -18.9969495566333
-25.121603799522553 -34.137987060504784 -44.13489475305193
-62.360946494353215 -27.81074853995328 -32.04912096133383
-63.48552868963702 -31.866947911875613 -75.42751664462433
-54.88672658276587 -63.08112224072636 -20.83951744473652
-44.94792629081979 -54.72645820787915 -72.49178474516259
-25.988416453015528 -28.175828122061212 -22.872208518421147
-60.39159917399587 -27.087618503222444 -82.11746666879982
-54.94715870919339 -46.19055413644453 -18.719011148965322
-41.29495089390256 -33.82839464417531 -17.607481355495672
-12.896558798550284 -16.140086677467 -15.942658002561002
-14.690383917632305 -20.959077677991672 -101.47860979955452
-54.94559437167707 -10.451353014216327 -36.6154536903874
4.921067965721923 11.657034111003641 37.719647463087924
15.258978339191353 -16.27716251124457 -31.404633421577778
4.902634937463455 3.8873038232792103 -10.991587210890291
1.0570575694953397 12.16666481325208 -27.41609084160394
48.62002825876752 27.85675537258351 32.26683019402355
29.611717300293826 11.110703662842466 -20.111449423462417
26.94777168182952 45.54491984493841 29.475324982371752
37.32338353337736 49.81374077037202 79.4241602233968
